function Sindy_ODEs = Sindy_ODE_RHS(t,in2,in3)
%SINDY_ODE_RHS
%    SINDY_ODES = SINDY_ODE_RHS(T,IN2,IN3)

%    This function was generated by the Symbolic Math Toolbox version 8.1.
%    06-May-2019 14:15:16

z1 = in2(1,:);
z2 = in2(2,:);
t2 = z2.^2;
Sindy_ODEs = [(t2.*1.000153272685566-z1.*4.001159909748822-t2.*z1.*1.000049741625844+1.000140430583997)./(t2+4.002057610559859);z1.*2.0-z2.*1.0];
